**ABCDEFGHIJKLMNOPQRSTUVWXYZabcdefghijklmnopqrstuvwxyz**************************
**PARASOLID !"#$%&'()*+,-./:;<=>?@[\]^_`{|}~0123456789**************************
**PART1;
;
;
FRU=C3D Kernel;
APPL=C3D-based application;
FORMAT=text;
GUISE=transmit;
KEY=korobka;
FILE=korobka.x_t;
DATE=Mon Mar  2 14:42:27 2026;
**PART2;
SCH=SCH_2700008_26105;
USFLD_SIZE=0;
**PART3;
**END_OF_HEADER*****************************************************************
T51 : TRANSMIT FILE created by modeller version 130000017 SCH_2700008_261050 12
 1 34210 0 13 0 0 0 0 1000 1E-8 0 0 0 1 0 1 1 2 22 74 114 5 73 72 0 0 0 0 0 0 0
 13 2 1 0 1 3 7 0 0 6 0 13 3 3 0 1 8 11 0 0 6 0 13 4 2 0 0 0 0 0 0 5 7 19 5 5 0
 1 6 0 4 V0 19 6 6 0 1 10 5 2 S0 14 7 7 12 ?20 0 21 2 22 -0 0 20 0 4 13 8 10 0 1
 23 26 0 0 6 0 13 9 4 0 0 0 0 0 0 10 11 19 10 12 0 1 25 6 9 V0 14 11 13 27 ?31 0
 32 3 33 +0 0 31 0 9 81 1 12 8 15 7 17 0 27 0 16 70 13 0 4 T1 0 0 2 20 1 14 14 7
4 20 14 2 0 0 12 17 0 0 0 0 0 0 0 0 0 0 0 0 0 0 0 0 0 0 80 1 15 0 34 8001 0 0 0
 0 3 5 0 0 0 FFFFTFTFFFFFFF2 83 3 16 .8 .8 .8 81 1 17 9 18 7 0 12 29 0 19 80 1 1
8 0 35 8015 0 0 0 0 3 5 0 0 0 FFFFTFFFFFFFFF2 83 1 19 0 14 20 16 36 ?40 7 41 2 4
2 -0 0 40 7 4 15 21 19 0 43 7 44 52 22 20 0 7 33 0 0 +-.2144 -.646410368457191 -
.166 -1 0 0 .0254 .707106781186549 .707106781186546 0 -1 0 13 23 21 0 1 0 47 0 0
 6 0 13 24 11 0 0 0 0 0 0 25 26 19 25 23 0 1 46 10 24 V0 14 26 24 48 ?52 0 53 8
 54 +0 0 52 0 24 81 1 27 14 15 11 29 0 36 12 28 83 3 28 .8 .8 .8 81 1 29 15 18 1
1 0 27 38 17 30 83 1 30 0 14 31 27 55 ?59 11 60 3 61 -0 0 59 11 9 15 32 30 0 62
 11 0 50 33 31 0 11 42 22 0 +-.167 -.592410368457191 -.166 -1 0 0 0 0 1 79 15 34
 SDL/TYSA_COLOUR79 21 35 SDL/TYSA_TRANSLUCENCY81 1 36 17 15 20 38 0 48 27 37 83
 3 37 .8 .8 .8 81 1 38 18 18 20 0 36 50 29 39 83 1 39 0 14 40 32 63 ?67 20 68 2
 69 +0 0 67 20 4 15 41 35 0 70 20 71 51 42 36 0 20 54 33 0 +-.168 -.646410368457
191 -.166 -1 0 0 .00499999999999999 0 -1 0 17 43 0 21 43 43 72 113 73 0 113 -15
 44 39 0 75 7 0 13 45 22 0 0 0 0 0 0 46 47 19 46 40 0 1 0 25 45 V0 14 47 41 76 ?
80 0 81 23 82 +0 0 80 0 45 81 1 48 25 15 26 50 0 55 36 49 83 3 49 .8 .8 .8 81 1
 50 26 18 26 0 48 57 38 51 83 1 51 0 14 52 44 83 ?87 26 88 8 89 -0 0 87 26 24 15
 53 47 0 90 26 0 50 54 48 0 26 61 42 0 +-.167 -.592410368457191 .124 -1 0 0 0 0
 1 81 1 55 28 15 31 57 0 63 48 56 83 3 56 .8 .8 .8 81 1 57 29 18 31 0 55 65 50 5
8 83 1 58 0 14 59 49 91 ?0 31 95 3 96 +0 0 0 31 9 15 60 52 0 97 31 98 51 61 53 0
 31 69 54 0 +-.167 -.592410368457191 -.166 -1 0 0 .00699999999999999 0 -1 0 17 6
2 0 32 62 62 99 97 100 0 97 +81 1 63 33 15 40 65 0 76 55 64 83 3 64 .8 .8 .8 81
 1 65 34 18 40 0 63 78 57 66 83 1 66 0 14 67 56 102 ?106 40 107 2 108 -0 0 106 4
0 4 15 68 59 0 109 40 0 50 69 60 0 40 117 61 0 +-.168 -.646410368457191 -.166 -1
 0 0 0 0 1 17 70 0 41 70 70 110 109 111 0 109 -15 71 63 0 113 20 0 18 72 64 0 43
 0 99 114 ?1 16 73 37 0 ?113 0 100 74 0 0 1 31 74 38 0 73 101 0 0 +-.194 -.64641
0368457191 -.166 -1 0 0 0 1 0 .00499999999999999 17 75 0 44 75 75 115 2113 116 0
 2113 +81 1 76 42 15 47 78 0 83 63 77 83 3 77 .8 .8 .8 81 1 78 43 18 47 0 76 85
 65 79 83 1 79 0 14 80 68 119 ?123 47 124 23 125 +0 0 123 47 45 15 81 71 0 126 4
7 0 124 82 72 0 47 89 117 211 +127 128 81 1 83 45 15 52 85 0 91 76 84 83 3 84 .8
 .8 .8 81 1 85 46 18 52 0 83 93 78 86 83 1 86 0 14 87 73 134 ?0 52 138 8 139 +0
 0 0 52 24 15 88 76 0 140 52 141 51 89 77 0 52 96 82 0 +-.167 -.592410368457191
 .124 -1 0 0 .00699999999999999 0 -1 0 17 90 0 53 90 90 142 140 143 0 140 +81 1
 91 50 15 59 93 0 102 83 92 83 3 92 .8 .8 .8 81 1 93 51 18 59 0 91 104 85 94 83
 1 94 0 15 95 80 0 145 59 0 50 96 81 0 59 108 89 0 +-.183 -.646410368457191 .115
143782776615 1 0 0 0 0 -1 17 97 0 60 97 97 99 62 100 0 0 -15 98 82 0 146 31 0 18
 99 83 0 62 72 110 147 ?1 16 100 54 0 ?62 73 111 101 0 0 1 31 101 55 0 100 112 7
4 0 +-.167 -.592410368457191 -.166 -1 0 0 0 1 0 .00699999999999999 81 1 102 57 1
5 67 104 0 119 91 103 83 3 103 .8 .8 .8 81 1 104 58 18 67 0 102 121 93 105 83 1
 105 0 14 106 84 148 ?152 67 153 2 154 -0 0 152 67 4 15 107 87 0 155 67 156 52 1
08 88 0 67 125 96 0 +-.2144 -.68341036845719 -.114 -1 0 0 .0254 .707106781186549
 .707106781186546 0 -1 0 17 109 0 68 109 109 110 70 111 0 0 +18 110 89 0 70 99 1
15 157 ?1 16 111 61 0 ?109 100 116 112 0 0 1 31 112 62 0 111 118 101 0 +-.168 -.
646410368457191 -.166 -1 0 0 0 1 0 .00499999999999999 17 113 0 71 113 113 72 43
 73 0 0 +29 114 90 0 72 147 0 -.194 -.641410368457191 -.166 18 115 91 0 75 110 1
42 158 ?1 16 116 65 0 ?75 111 143 118 0 0 1 51 117 66 0 2081 82 69 0 +-.182 -.64
6410368457191 -.166 -1 0 0 .0055 0 -1 0 31 118 67 0 116 144 112 0 +-.1945 -.6464
10368457191 -.166 -1 0 0 0 1 0 .0055 81 1 119 69 15 80 121 0 134 102 120 83 3 12
0 .8 .8 .8 81 1 121 70 18 80 0 119 136 104 122 83 1 122 0 14 123 92 159 ?0 80 16
3 23 164 +0 0 0 80 45 15 124 95 0 165 80 0 124 125 96 0 80 139 108 247 +166 167
 17 126 0 81 173 173 174 201 175 179 165 -126 127 FF3 1 10 2 1 1 4 2 FFF1 3 129
 130 131 132 133 125 128 0 1 0 1 0 1 0 1 2 BBBBBBBB????0 0 0 0 45 60 129 -.182 -
.69041036845719 -.160626579386362 -.183345305295179 -.69041036845719 -.160626579
386362 -.182 -.690311872739976 -.160257782598772 -.183345305295179 -.69031187273
9976 -.160257782598772 -.182 -.690229336000249 -.159943293952659 -.1833453052951
79 -.690229336000249 -.159943293952659 -.182 -.690162758238007 -.159683113448024
 -.183345305295179 -.690162758238007 -.159683113448024 -.182 -.690075289966428 -
.15934129452421 -.183345305295179 -.690075289966428 -.15934129452421 -.182 -.689
997725665142 -.159025537083774 -.183345305295179 -.689997725665142 -.15902553708
3774 -.182 -.68993006533415 -.158735841126718 -.183345305295179 -.68993006533415
 -.158735841126718 -.182 -.689763564973382 -.158022949530471 -.183345305295179 -
.689763564973382 -.158022949530471 -.182 -.689638115204454 -.157385207774257 -.1
83345305295179 -.689638115204454 -.157385207774257 -.182 -.689553716027369 -.156
822615858076 -.183345305295179 -.689553716027369 -.156822615858076 127 4 130 4 3
 3 4 127 2 131 2 2 128 4 132 0 .25 .5 1 128 2 133 0 1 81 1 134 74 15 87 136 0 14
8 119 135 83 3 135 .8 .8 .8 81 1 136 75 18 87 0 134 150 121 137 83 1 137 0 15 13
8 99 0 181 87 0 50 139 100 0 87 154 125 0 +-.183 -.646410368457191 .115143782776
615 1 0 0 0 0 -1 17 140 0 88 140 140 142 90 143 0 0 -15 141 101 0 182 52 0 18 14
2 102 0 90 115 174 183 ?1 16 143 78 0 ?90 116 175 144 0 0 1 31 144 79 0 143 176
 118 0 +-.167 -.592410368457191 .124 -1 0 0 0 1 0 .00699999999999999 17 145 0 95
 145 145 184 146 185 0 146 -17 146 0 98 146 146 184 145 185 0 0 +29 147 105 0 99
 157 114 -.167 -.585410368457191 -.166 81 1 148 85 15 106 150 0 159 134 149 83 3
 149 .8 .8 .8 81 1 150 86 18 106 0 148 161 136 151 83 1 151 0 14 152 106 187 ?19
1 106 192 2 193 +0 0 191 106 4 15 153 109 0 194 106 195 51 154 110 0 106 164 139
 0 +-.168 -.68341036845719 -.114 -1 0 0 .00499999999999999 0 -1 0 17 155 0 107 1
55 155 196 237 197 0 237 -15 156 113 0 199 67 0 29 157 114 0 110 158 147 -.168 -
.641410368457191 -.166 29 158 115 0 115 183 157 -.1945 -.640910368457191 -.166 8
1 1 159 93 15 123 161 0 187 148 160 83 3 160 .8 .8 .8 81 1 161 94 18 123 0 159 1
89 150 162 83 1 162 0 15 163 116 0 200 123 0 50 164 117 0 123 193 154 270 +-.183
294505295179 -.64141036845719 -.154555555555555 1 0 0 0 0 -1 17 165 0 124 201 20
1 174 243 202 206 200 +126 166 FF3 2 8 3 1 1 4 2 TFF1 4 168 169 170 171 172 125
 167 0 1 0 1 0 1 0 1 2 BBBBBBBB????0 0 0 0 45 96 168 -.183940979179794 -.6904103
6845719 -.160085282473475 1 -.0868119086567635 -.33078453733078 -.07670871011189
35 .479112934051034 -.182679385162968 -.688099016067915 -.160094654619706 1 -.18
3937762220798 -.69041036845719 -.15965224493753 1 -.0814013112846878 -.310551885
114975 -.0717596651883043 .449807678596969 -.182729950001447 -.688014655807469 -
.159598119346876 1 -.183965278335767 -.69041036845719 -.159222170715624 1 -.0757
814839683481 -.289476644700507 -.0666350105804884 .419282006652622 -.18282431600
6773 -.687934817077635 -.159102041993825 1 -.184081666009298 -.69041036845719 -.
158584796838326 1 -.0671753510912152 -.257036975942014 -.0587380365349275 .37229
5938307526 -.183069247535564 -.687825445355045 -.158355815795923 1 -.18413386866
3253 -.69041036845719 -.158371919417414 1 -.0642543256965473 -.24599126506908 -.
0560603748701521 .356297176733859 -.183169557776667 -.687790492748387 -.15810468
340107 1 -.184272321559514 -.69041036845719 -.157961067683643 1 -.05863446313412
39 -.224618306868884 -.0508665260537756 .325340286199384 -.183414814692526 -.687
727188612308 -.157614369510203 1 -.184358155820656 -.69041036845719 -.1577627508
47678 1 -.055927795837605 -.214276338270267 -.0483494451990976 .310360834743972
 -.183559271259681 -.687698727138251 -.157374805387492 1 -.184468585337063 -.690
41036845719 -.157575061850188 1 -.0535282004786406 -.204960469679714 -.046052567
6174436 .296867600841112 -.183735591989465 -.687674759574479 -.157143794599706 1
 127 4 169 4 2 2 4 127 2 170 3 3 128 4 171 0 .5 .75 1 128 2 172 0 1 17 173 0 81
 126 126 208 200 209 0 201 +18 174 122 0 126 142 184 216 1.45389746969772E-7 1 1
6 175 97 0 2.94649949808843E-6 201 143 185 0 0 0 1 137 176 98 0 1 186 144 180 +8
2 178 0 ?141 177 176 211 211 82 134 178 0 0 0 0 0 0 +217 218 133 179 123 0 126 2
24 210 0 +176 -.000183294505295179 -.000690263918682329 -.000160073401988643 -.0
00183294505295179 -.000689567290097951 -.000156911470936841 0 1 141 180 179 180
 180 176 17 181 0 138 181 181 222 182 223 0 182 -17 182 0 141 182 182 222 181 22
3 0 0 +29 183 126 0 142 216 158 -.167 -.585410368457191 .124 18 184 127 0 145 17
4 196 225 ?1 16 185 103 0 ?146 175 197 186 0 0 1 31 186 104 0 185 198 176 0 +-.1
83 -.592410368457191 -.166 -1 0 0 0 1 0 .00699999999999999 81 1 187 107 15 152 1
89 0 226 159 188 83 3 188 .8 .8 .8 81 1 189 108 18 152 0 187 228 161 190 83 1 19
0 0 14 191 128 226 ?230 152 231 2 232 -0 0 230 152 4 15 192 131 0 233 152 0 50 1
93 132 0 152 241 164 0 +-.168 -.68341036845719 -.114 -1 0 0 0 0 1 17 194 0 153 1
94 194 234 233 235 0 233 -15 195 135 0 237 106 0 18 196 136 0 155 184 208 238 ?1
 16 197 111 0 ?237 185 202 198 0 0 1 31 198 112 0 197 203 186 0 +-.194 -.6834103
6845719 -.114 -1 0 0 0 1 0 .00499999999999999 17 199 0 156 199 199 239 2131 240
 0 2131 +17 200 0 163 243 243 174 173 209 0 0 -17 201 0 124 165 165 208 126 175
 249 243 +16 202 118 0 9.07701475602989E-6 165 197 209 0 0 0 1 137 203 119 0 1 2
10 198 207 +125 205 0 ?141 204 203 247 247 125 134 205 0 0 0 0 0 0 +251 252 133
 206 142 0 165 269 246 0 +203 -.000183294505295179 -.000690263909792067 -.000160
073404316822 -.000183294618773274 -.000689567226434914 -.000156911535804744 0 1
 141 207 206 207 207 203 18 208 143 0 173 196 222 256 6.44364720799026E-16 1 16
 209 120 0 ?173 202 223 244 0 0 1 38 210 121 0 1 179 203 245 +164 82 213 214 215
 141 211 210 177 177 82 141 212 210 270 270 164 40 10 213 0 1 10 4.5106091953034
9E-5 .0681684491246528 ??-.183294505295178 -.689567290097892 -.1569114709365 -.1
83294505295179 -.689876739935304 -.158503887858821 -.183294505295179 -.690010610
838585 -.159073770814011 -.183294505295179 -.69010428848348 -.159452633819853 -.
183294505295179 -.69016364274998 -.159686569576107 -.183294505295179 -.690166568
564802 -.159697995178174 -.183294505295179 -.690172481145022 -.159721053793967 -
.183294505295179 -.690184550108118 -.159768000673967 -.183294505295179 -.6902096
63246323 -.159865213035852 -.183294505295179 -.690263918682136 -.160073401987904
 41 1 214 L-.183294505295178 -.689567290097892 -.1569114709365 41 1 215 L-.18329
4505295179 -.690263918682136 -.160073401987904 29 216 144 0 174 225 183 -.183294
505295179 -.689567290097833 -.156911470936159 136 217 3 36 2 18 1 FFF1 219 220 2
21 135 218 2 0 45 72 219 .135869847670458 .96223905444954 .144267004567566 .9498
88713912676 .152664161464674 .937538373375811 .175484066025976 .907439029346382
 .19006103300487 .890428317204076 .213037688244314 .866638278855413 .22076803445
0205 .859105410129525 .232636307913787 .8482511184295 .236598193318569 .84473778
5041699 .242594142519468 .839589342272041 .244687390615167 .837904763803511 .248
388765288104 .834663708968768 .250042723259257 .833105985779115 .276234701841259
 .809369499445782 .294272521351936 .790232135315367 .345777209556948 .7518289775
03812 .376222507196719 .735003670214821 .42346437992263 .715632648071066 .439398
158318137 .71027495211671 .463817748876081 .703746954721426 .471987775380184 .70
1835492479351 .484346161758394 .699349853439105 .488467604774044 .69858690587638
 .494672444124339 .697536863016511 .496767418225195 .69720324025245 .52802418237
2736 .692337222055609 .547661702413029 .69091316314564 .607082922932543 .6949819
99427543 .642313585424191 .703175837497206 .711724051248086 .731134032752158 .74
5966888148711 .74992902948492 .812834070484944 .797153738194415 .845642162107727
 .82486243689468 .910058224371627 .887796938914014 .941958825224494 .92501799668
1777 .973859426077362 .96223905444954 127 18 220 4 2 2 2 2 2 2 2 2 2 2 2 2 2 2 2
 2 4 128 18 221 0 .0319890586823501 .0833941644512152 .108704474978029 .12117092
3815817 .127321756216332 .133118363929745 .216419976355092 .325370754698569 .379
632034100849 .406506962425805 .419851943250966 .426493323079742 .521383443763519
 .652295429653411 .775565567603873 .889897735279332 1 18 222 145 0 181 208 234 2
57 ?1 16 223 124 0 ?182 209 235 224 0 0 1 31 224 125 0 223 236 179 0 +-.183 -.59
2410368457191 .124 -1 0 0 0 1 0 .00699999999999999 29 225 146 0 184 238 216 -.18
3 -.585410368457191 -.166 81 1 226 129 15 191 228 0 258 187 227 83 3 227 .8 .8 .
8 81 1 228 130 18 191 0 226 260 189 229 83 1 229 0 14 230 147 258 ?262 191 263 2
 264 -0 0 262 191 4 15 231 150 0 265 191 266 52 232 151 0 191 264 241 0 +-.2144
 -.68341036845719 .0259999999999999 -1 0 0 .0254 .707106781186549 .7071067811865
46 0 -1 0 17 233 0 192 233 233 234 194 235 0 0 +18 234 152 0 194 222 239 267 ?1
 16 235 133 0 ?233 223 240 236 0 0 1 31 236 134 0 235 242 224 0 +-.168 -.6834103
6845719 -.114 -1 0 0 0 1 0 .00499999999999999 17 237 0 195 237 237 196 155 197 0
 0 +29 238 153 0 196 256 225 -.194 -.67841036845719 -.114 18 239 154 0 199 234 2
88 268 ?1 16 240 137 0 ?199 235 289 242 0 0 1 51 241 138 0 2098 232 193 0 +-.182
 -.68341036845719 -.114 -1 0 0 .0055 0 -1 0 31 242 139 0 240 244 236 0 +-.1945 -
.68341036845719 -.114 -1 0 0 0 1 0 .0055 17 243 0 163 200 200 208 165 202 272 0
 -133 244 140 0 209 246 242 0 +210 -.183294505295178 -.689567290097892 -.1569114
709365 -.183294505295179 -.690263918682136 -.160073401987904 2.61405737226184E-5
 .000864164380307731 141 245 244 245 245 210 137 246 141 0 1 206 244 250 +125 24
8 0 ?141 247 246 204 204 125 134 248 0 0 0 0 0 0 +274 275 133 249 156 0 201 290
 269 0 +246 -.00018329461877327 -.000689567226434905 -.000156911535804741 -.0001
83294505295178 -.000690263909792067 -.000160073404316822 0 1 141 250 249 250 250
 246 136 251 3 14 2 7 1 FFF1 253 254 255 135 252 2 0 45 28 253 .0060596844880245
8 .227327278182829 .203778217041216 .227983386150194 .401496749594407 .228639494
117558 .644733131131389 .276568059780871 .715452771032622 .292812716200168 .8131
87714590977 .328256836108889 .848785017623122 .343031045621125 .901306124226544
 .371712863923489 .921278485737254 .384212523706682 .954263328819653 .4091588713
1207 .967990858687249 .421067813125547 .985246976451446 .438662795852823 